0.000001 0.000001 0.000001 0.000002 0.000099 0.000451 -0.001109 0.000451 0.000099 0.000002 0.000001 0.000001 0.000001 
0.000003 0.000003 0.000003 0.000006 0.000393 0.001784 -0.004387 0.001784 0.000393 0.000006 0.000003 0.000003 0.000003 
0.000009 0.000009 0.000009 0.000020 0.001211 0.005496 -0.013512 0.005496 0.001211 0.000020 0.000009 0.000009 0.000009 
0.000023 0.000023 0.000023 0.000048 0.002905 0.013185 -0.032413 0.013185 0.002905 0.000048 0.000023 0.000023 0.000023 
0.000042 0.000042 0.000042 0.000089 0.005428 0.024634 -0.060555 0.024634 0.005428 0.000089 0.000042 0.000042 0.000042 
0.000062 0.000062 0.000062 0.000130 0.007897 0.035842 -0.088107 0.035842 0.007897 0.000130 0.000062 0.000062 0.000062 
0.000070 0.000070 0.000070 0.000147 0.008949 0.040614 -0.099838 0.040614 0.008949 0.000147 0.000070 0.000070 0.000070 
0.000062 0.000062 0.000062 0.000130 0.007897 0.035842 -0.088107 0.035842 0.007897 0.000130 0.000062 0.000062 0.000062 
0.000042 0.000042 0.000042 0.000089 0.005428 0.024634 -0.060555 0.024634 0.005428 0.000089 0.000042 0.000042 0.000042 
0.000023 0.000023 0.000023 0.000048 0.002905 0.013185 -0.032413 0.013185 0.002905 0.000048 0.000023 0.000023 0.000023 
0.000009 0.000009 0.000009 0.000020 0.001211 0.005496 -0.013512 0.005496 0.001211 0.000020 0.000009 0.000009 0.000009 
0.000003 0.000003 0.000003 0.000006 0.000393 0.001784 -0.004387 0.001784 0.000393 0.000006 0.000003 0.000003 0.000003 
0.000001 0.000001 0.000001 0.000002 0.000099 0.000451 -0.001109 0.000451 0.000099 0.000002 0.000001 0.000001 0.000001 
0.000105 0.000116 0.000184 -0.000119 -0.000318 0.000640 0.000332 0.000111 0.000110 0.000112 0.000115 0.000120 0.000125 
0.000105 0.000129 0.000317 0.000637 -0.003789 0.002461 0.001366 0.000349 0.000121 0.000122 0.000127 0.000135 0.000143 
0.000106 0.000109 0.000480 0.002740 -0.006973 -0.002467 0.006406 0.001901 0.000153 0.000138 0.000146 0.000154 0.000161 
0.000108 0.000114 0.000713 0.004413 -0.000378 -0.027616 0.019277 0.005764 0.000244 0.000163 0.000165 0.000171 0.000174 
0.000114 0.000121 0.000364 0.004075 0.022716 -0.057565 0.006908 0.019534 0.004277 0.000217 0.000175 0.000178 0.000174 
0.000126 0.000132 0.000175 0.004537 0.024685 -0.026003 -0.056302 0.039803 0.009404 0.000263 0.000173 0.000170 0.000162 
0.000143 0.000151 0.000183 0.002577 0.017282 0.039303 -0.136936 0.039303 0.017282 0.002577 0.000183 0.000151 0.000143 
0.000162 0.000170 0.000173 0.000263 0.009404 0.039803 -0.056302 -0.026003 0.024685 0.004537 0.000175 0.000132 0.000126 
0.000174 0.000178 0.000175 0.000217 0.004277 0.019534 0.006908 -0.057565 0.022716 0.004075 0.000364 0.000121 0.000114 
0.000174 0.000171 0.000165 0.000163 0.000244 0.005764 0.019277 -0.027616 -0.000378 0.004413 0.000713 0.000114 0.000108 
0.000161 0.000154 0.000146 0.000138 0.000153 0.001901 0.006406 -0.002467 -0.006973 0.002740 0.000480 0.000109 0.000106 
0.000143 0.000135 0.000127 0.000122 0.000121 0.000349 0.001366 0.002461 -0.003789 0.000637 0.000317 0.000129 0.000105 
0.000125 0.000120 0.000115 0.000112 0.000110 0.000111 0.000332 0.000640 -0.000318 -0.000119 0.000184 0.000116 0.000105 
0.000768 0.000795 0.000876 0.000884 0.000848 0.000801 0.000803 0.000811 0.000821 0.000835 0.000848 0.000858 0.000864 
0.000795 0.000502 0.000789 0.001674 0.001341 0.001060 0.000822 0.000821 0.000835 0.000848 0.000858 0.000864 0.000858 
0.000876 0.000789 -0.002398 0.000758 0.005239 0.003303 0.001667 0.000864 0.000848 0.000858 0.000864 0.000858 0.000848 
0.000884 0.001674 0.000758 -0.015355 0.000622 0.015444 0.007224 0.002591 0.000905 0.000864 0.000858 0.000848 0.000835 
0.000848 0.001341 0.005239 0.000622 -0.052442 0.000349 0.030962 0.011095 0.003132 0.000905 0.000848 0.000835 0.000821 
0.000801 0.001060 0.003303 0.015444 0.000349 -0.108842 0.000081 0.040065 0.011095 0.002591 0.000864 0.000821 0.000811 
0.000803 0.000822 0.001667 0.007224 0.030962 0.000081 -0.141927 0.000081 0.030962 0.007224 0.001667 0.000822 0.000803 
0.000811 0.000821 0.000864 0.002591 0.011095 0.040065 0.000081 -0.108842 0.000349 0.015444 0.003303 0.001060 0.000801 
0.000821 0.000835 0.000848 0.000905 0.003132 0.011095 0.030962 0.000349 -0.052442 0.000622 0.005239 0.001341 0.000848 
0.000835 0.000848 0.000858 0.000864 0.000905 0.002591 0.007224 0.015444 0.000622 -0.015355 0.000758 0.001674 0.000884 
0.000848 0.000858 0.000864 0.000858 0.000848 0.000864 0.001667 0.003303 0.005239 0.000758 -0.002398 0.000789 0.000876 
0.000858 0.000864 0.000858 0.000848 0.000835 0.000821 0.000822 0.001060 0.001341 0.001674 0.000789 0.000502 0.000795 
0.000864 0.000858 0.000848 0.000835 0.000821 0.000811 0.000803 0.000801 0.000848 0.000884 0.000876 0.000795 0.000768 
0.000105 0.000105 0.000106 0.000108 0.000114 0.000126 0.000143 0.000162 0.000174 0.000174 0.000161 0.000143 0.000125 
0.000116 0.000129 0.000109 0.000114 0.000121 0.000132 0.000151 0.000170 0.000178 0.000171 0.000154 0.000135 0.000120 
0.000184 0.000317 0.000480 0.000713 0.000364 0.000175 0.000183 0.000173 0.000175 0.000165 0.000146 0.000127 0.000115 
-0.000119 0.000637 0.002740 0.004413 0.004075 0.004537 0.002577 0.000263 0.000217 0.000163 0.000138 0.000122 0.000112 
-0.000318 -0.003789 -0.006973 -0.000378 0.022716 0.024685 0.017282 0.009404 0.004277 0.000244 0.000153 0.000121 0.000110 
0.000640 0.002461 -0.002467 -0.027616 -0.057565 -0.026003 0.039303 0.039803 0.019534 0.005764 0.001901 0.000349 0.000111 
0.000332 0.001366 0.006406 0.019277 0.006908 -0.056302 -0.136936 -0.056302 0.006908 0.019277 0.006406 0.001366 0.000332 
0.000111 0.000349 0.001901 0.005764 0.019534 0.039803 0.039303 -0.026003 -0.057565 -0.027616 -0.002467 0.002461 0.000640 
0.000110 0.000121 0.000153 0.000244 0.004277 0.009404 0.017282 0.024685 0.022716 -0.000378 -0.006973 -0.003789 -0.000318 
0.000112 0.000122 0.000138 0.000163 0.000217 0.000263 0.002577 0.004537 0.004075 0.004413 0.002740 0.000637 -0.000119 
0.000115 0.000127 0.000146 0.000165 0.000175 0.000173 0.000183 0.000175 0.000364 0.000713 0.000480 0.000317 0.000184 
0.000120 0.000135 0.000154 0.000171 0.000178 0.000170 0.000151 0.000132 0.000121 0.000114 0.000109 0.000129 0.000116 
0.000125 0.000143 0.000161 0.000174 0.000174 0.000162 0.000143 0.000126 0.000114 0.000108 0.000106 0.000105 0.000105 
0.000001 0.000003 0.000009 0.000023 0.000042 0.000062 0.000070 0.000062 0.000042 0.000023 0.000009 0.000003 0.000001 
0.000001 0.000003 0.000009 0.000023 0.000042 0.000062 0.000070 0.000062 0.000042 0.000023 0.000009 0.000003 0.000001 
0.000001 0.000003 0.000009 0.000023 0.000042 0.000062 0.000070 0.000062 0.000042 0.000023 0.000009 0.000003 0.000001 
0.000002 0.000006 0.000020 0.000048 0.000089 0.000130 0.000147 0.000130 0.000089 0.000048 0.000020 0.000006 0.000002 
0.000099 0.000393 0.001211 0.002905 0.005428 0.007897 0.008949 0.007897 0.005428 0.002905 0.001211 0.000393 0.000099 
0.000451 0.001784 0.005496 0.013185 0.024634 0.035842 0.040614 0.035842 0.024634 0.013185 0.005496 0.001784 0.000451 
-0.001109 -0.004387 -0.013512 -0.032413 -0.060555 -0.088107 -0.099838 -0.088107 -0.060555 -0.032413 -0.013512 -0.004387 -0.001109 
0.000451 0.001784 0.005496 0.013185 0.024634 0.035842 0.040614 0.035842 0.024634 0.013185 0.005496 0.001784 0.000451 
0.000099 0.000393 0.001211 0.002905 0.005428 0.007897 0.008949 0.007897 0.005428 0.002905 0.001211 0.000393 0.000099 
0.000002 0.000006 0.000020 0.000048 0.000089 0.000130 0.000147 0.000130 0.000089 0.000048 0.000020 0.000006 0.000002 
0.000001 0.000003 0.000009 0.000023 0.000042 0.000062 0.000070 0.000062 0.000042 0.000023 0.000009 0.000003 0.000001 
0.000001 0.000003 0.000009 0.000023 0.000042 0.000062 0.000070 0.000062 0.000042 0.000023 0.000009 0.000003 0.000001 
0.000001 0.000003 0.000009 0.000023 0.000042 0.000062 0.000070 0.000062 0.000042 0.000023 0.000009 0.000003 0.000001 
0.000125 0.000143 0.000161 0.000174 0.000174 0.000162 0.000143 0.000126 0.000114 0.000108 0.000106 0.000105 0.000105 
0.000120 0.000135 0.000154 0.000171 0.000178 0.000170 0.000151 0.000132 0.000121 0.000114 0.000109 0.000129 0.000116 
0.000115 0.000127 0.000146 0.000165 0.000175 0.000173 0.000183 0.000175 0.000364 0.000713 0.000480 0.000317 0.000184 
0.000112 0.000122 0.000138 0.000163 0.000217 0.000263 0.002577 0.004537 0.004075 0.004413 0.002740 0.000637 -0.000119 
0.000110 0.000121 0.000153 0.000244 0.004277 0.009404 0.017282 0.024685 0.022716 -0.000378 -0.006973 -0.003789 -0.000318 
0.000111 0.000349 0.001901 0.005764 0.019534 0.039803 0.039303 -0.026003 -0.057565 -0.027616 -0.002467 0.002461 0.000640 
0.000332 0.001366 0.006406 0.019277 0.006908 -0.056302 -0.136936 -0.056302 0.006908 0.019277 0.006406 0.001366 0.000332 
0.000640 0.002461 -0.002467 -0.027616 -0.057565 -0.026003 0.039303 0.039803 0.019534 0.005764 0.001901 0.000349 0.000111 
-0.000318 -0.003789 -0.006973 -0.000378 0.022716 0.024685 0.017282 0.009404 0.004277 0.000244 0.000153 0.000121 0.000110 
-0.000119 0.000637 0.002740 0.004413 0.004075 0.004537 0.002577 0.000263 0.000217 0.000163 0.000138 0.000122 0.000112 
0.000184 0.000317 0.000480 0.000713 0.000364 0.000175 0.000183 0.000173 0.000175 0.000165 0.000146 0.000127 0.000115 
0.000116 0.000129 0.000109 0.000114 0.000121 0.000132 0.000151 0.000170 0.000178 0.000171 0.000154 0.000135 0.000120 
0.000105 0.000105 0.000106 0.000108 0.000114 0.000126 0.000143 0.000162 0.000174 0.000174 0.000161 0.000143 0.000125 
0.000864 0.000858 0.000848 0.000835 0.000821 0.000811 0.000803 0.000801 0.000848 0.000884 0.000876 0.000795 0.000768 
0.000858 0.000864 0.000858 0.000848 0.000835 0.000821 0.000822 0.001060 0.001341 0.001674 0.000789 0.000502 0.000795 
0.000848 0.000858 0.000864 0.000858 0.000848 0.000864 0.001667 0.003303 0.005239 0.000758 -0.002398 0.000789 0.000876 
0.000835 0.000848 0.000858 0.000864 0.000905 0.002591 0.007224 0.015444 0.000622 -0.015355 0.000758 0.001674 0.000884 
0.000821 0.000835 0.000848 0.000905 0.003132 0.011095 0.030962 0.000349 -0.052442 0.000622 0.005239 0.001341 0.000848 
0.000811 0.000821 0.000864 0.002591 0.011095 0.040065 0.000081 -0.108842 0.000349 0.015444 0.003303 0.001060 0.000801 
0.000803 0.000822 0.001667 0.007224 0.030962 0.000081 -0.141927 0.000081 0.030962 0.007224 0.001667 0.000822 0.000803 
0.000801 0.001060 0.003303 0.015444 0.000349 -0.108842 0.000081 0.040065 0.011095 0.002591 0.000864 0.000821 0.000811 
0.000848 0.001341 0.005239 0.000622 -0.052442 0.000349 0.030962 0.011095 0.003132 0.000905 0.000848 0.000835 0.000821 
0.000884 0.001674 0.000758 -0.015355 0.000622 0.015444 0.007224 0.002591 0.000905 0.000864 0.000858 0.000848 0.000835 
0.000876 0.000789 -0.002398 0.000758 0.005239 0.003303 0.001667 0.000864 0.000848 0.000858 0.000864 0.000858 0.000848 
0.000795 0.000502 0.000789 0.001674 0.001341 0.001060 0.000822 0.000821 0.000835 0.000848 0.000858 0.000864 0.000858 
0.000768 0.000795 0.000876 0.000884 0.000848 0.000801 0.000803 0.000811 0.000821 0.000835 0.000848 0.000858 0.000864 
0.000125 0.000120 0.000115 0.000112 0.000110 0.000111 0.000332 0.000640 -0.000318 -0.000119 0.000184 0.000116 0.000105 
0.000143 0.000135 0.000127 0.000122 0.000121 0.000349 0.001366 0.002461 -0.003789 0.000637 0.000317 0.000129 0.000105 
0.000161 0.000154 0.000146 0.000138 0.000153 0.001901 0.006406 -0.002467 -0.006973 0.002740 0.000480 0.000109 0.000106 
0.000174 0.000171 0.000165 0.000163 0.000244 0.005764 0.019277 -0.027616 -0.000378 0.004413 0.000713 0.000114 0.000108 
0.000174 0.000178 0.000175 0.000217 0.004277 0.019534 0.006908 -0.057565 0.022716 0.004075 0.000364 0.000121 0.000114 
0.000162 0.000170 0.000173 0.000263 0.009404 0.039803 -0.056302 -0.026003 0.024685 0.004537 0.000175 0.000132 0.000126 
0.000143 0.000151 0.000183 0.002577 0.017282 0.039303 -0.136936 0.039303 0.017282 0.002577 0.000183 0.000151 0.000143 
0.000126 0.000132 0.000175 0.004537 0.024685 -0.026003 -0.056302 0.039803 0.009404 0.000263 0.000173 0.000170 0.000162 
0.000114 0.000121 0.000364 0.004075 0.022716 -0.057565 0.006908 0.019534 0.004277 0.000217 0.000175 0.000178 0.000174 
0.000108 0.000114 0.000713 0.004413 -0.000378 -0.027616 0.019277 0.005764 0.000244 0.000163 0.000165 0.000171 0.000174 
0.000106 0.000109 0.000480 0.002740 -0.006973 -0.002467 0.006406 0.001901 0.000153 0.000138 0.000146 0.000154 0.000161 
0.000105 0.000129 0.000317 0.000637 -0.003789 0.002461 0.001366 0.000349 0.000121 0.000122 0.000127 0.000135 0.000143 
0.000105 0.000116 0.000184 -0.000119 -0.000318 0.000640 0.000332 0.000111 0.000110 0.000112 0.000115 0.000120 0.000125 
-0.000036 0.000053 -0.000091 0.000102 -0.000273 0.000552 0.000000 -0.000552 0.000273 -0.000102 0.000091 -0.000053 0.000036 
-0.000144 0.000212 -0.000361 0.000405 -0.001081 0.002184 0.000000 -0.002184 0.001081 -0.000405 0.000361 -0.000212 0.000144 
-0.000444 0.000652 -0.001111 0.001247 -0.003330 0.006727 0.000000 -0.006727 0.003330 -0.001247 0.001111 -0.000652 0.000444 
-0.001066 0.001563 -0.002666 0.002992 -0.007988 0.016136 0.000000 -0.016136 0.007988 -0.002992 0.002666 -0.001563 0.001066 
-0.001992 0.002921 -0.004981 0.005590 -0.014924 0.030146 0.000000 -0.030146 0.014924 -0.005590 0.004981 -0.002921 0.001992 
-0.002898 0.004250 -0.007248 0.008134 -0.021715 0.043863 0.000000 -0.043863 0.021715 -0.008134 0.007248 -0.004250 0.002898 
-0.003284 0.004816 -0.008213 0.009217 -0.024606 0.049703 0.000000 -0.049703 0.024606 -0.009217 0.008213 -0.004816 0.003284 
-0.002898 0.004250 -0.007248 0.008134 -0.021715 0.043863 0.000000 -0.043863 0.021715 -0.008134 0.007248 -0.004250 0.002898 
-0.001992 0.002921 -0.004981 0.005590 -0.014924 0.030146 0.000000 -0.030146 0.014924 -0.005590 0.004981 -0.002921 0.001992 
-0.001066 0.001563 -0.002666 0.002992 -0.007988 0.016136 0.000000 -0.016136 0.007988 -0.002992 0.002666 -0.001563 0.001066 
-0.000444 0.000652 -0.001111 0.001247 -0.003330 0.006727 0.000000 -0.006727 0.003330 -0.001247 0.001111 -0.000652 0.000444 
-0.000144 0.000212 -0.000361 0.000405 -0.001081 0.002184 0.000000 -0.002184 0.001081 -0.000405 0.000361 -0.000212 0.000144 
-0.000036 0.000053 -0.000091 0.000102 -0.000273 0.000552 0.000000 -0.000552 0.000273 -0.000102 0.000091 -0.000053 0.000036 
0.000005 -0.000026 0.000058 0.000166 -0.000264 -0.000420 0.000544 -0.000323 0.000670 -0.000836 0.001086 -0.001064 0.000982 
-0.000010 -0.000001 -0.000123 0.001135 -0.000145 -0.003063 0.002089 -0.000729 0.001144 -0.000530 0.000385 0.000175 -0.000518 
-0.000154 0.000289 -0.001002 0.002617 0.002085 -0.005488 -0.002729 0.003411 -0.001327 0.003038 -0.003131 0.004026 -0.004280 
-0.000189 0.000088 -0.000881 0.000643 0.011008 -0.004673 -0.021325 0.015959 -0.008705 0.008186 -0.004869 0.003671 -0.001789 
0.000541 -0.001744 0.002805 -0.011542 0.026801 0.006057 -0.035020 0.002042 0.004188 0.000597 0.002890 -0.002736 0.003519 
0.001914 -0.003059 0.002735 -0.009472 0.014621 0.030466 -0.024068 -0.035553 0.023687 -0.009952 0.011118 -0.008481 0.005393 
-0.000040 0.000450 -0.003794 0.002616 -0.017798 0.062251 -0.000000 -0.062251 0.017798 -0.002616 0.003794 -0.000450 0.000040 
-0.005393 0.008481 -0.011118 0.009952 -0.023687 0.035553 0.024068 -0.030466 -0.014621 0.009472 -0.002735 0.003059 -0.001914 
-0.003519 0.002736 -0.002890 -0.000597 -0.004188 -0.002042 0.035020 -0.006057 -0.026801 0.011542 -0.002805 0.001744 -0.000541 
0.001789 -0.003671 0.004869 -0.008186 0.008705 -0.015959 0.021325 0.004673 -0.011008 -0.000643 0.000881 -0.000088 0.000189 
0.004280 -0.004026 0.003131 -0.003038 0.001327 -0.003411 0.002729 0.005488 -0.002085 -0.002617 0.001002 -0.000289 0.000154 
0.000518 -0.000175 -0.000385 0.000530 -0.001144 0.000729 -0.002089 0.003063 0.000145 -0.001135 0.000123 0.000001 0.000010 
-0.000982 0.001064 -0.001086 0.000836 -0.000670 0.000323 -0.000544 0.000420 0.000264 -0.000166 -0.000058 0.000026 -0.000005 
-0.000000 -0.000038 -0.000055 0.000237 -0.000136 0.000030 0.000933 -0.001918 0.000798 0.001689 -0.004353 0.002615 0.000694 
0.000038 -0.000000 -0.000399 -0.000603 0.001461 -0.000686 0.000138 0.003076 -0.004917 0.001644 0.002706 -0.005667 0.002615 
0.000055 0.000399 -0.000000 -0.002460 -0.003050 0.006722 -0.002262 0.000354 0.006336 -0.007878 0.002140 0.002706 -0.004353 
-0.000237 0.000603 0.002460 -0.000000 -0.011317 -0.010053 0.017231 -0.004658 0.000567 0.008248 -0.007878 0.001644 0.001689 
0.000136 -0.001461 0.003050 0.011317 -0.000000 -0.029011 -0.020704 0.027605 -0.006063 0.000567 0.006336 -0.004917 0.000798 
-0.000030 0.000686 -0.006722 0.010053 0.029011 -0.000000 -0.046478 -0.026952 0.027605 -0.004658 0.000354 0.003076 -0.001918 
-0.000933 -0.000138 0.002262 -0.017231 0.020704 0.046478 -0.000000 -0.046478 -0.020704 0.017231 -0.002262 0.000138 0.000933 
0.001918 -0.003076 -0.000354 0.004658 -0.027605 0.026952 0.046478 -0.000000 -0.029011 -0.010053 0.006722 -0.000686 0.000030 
-0.000798 0.004917 -0.006336 -0.000567 0.006063 -0.027605 0.020704 0.029011 -0.000000 -0.011317 -0.003050 0.001461 -0.000136 
-0.001689 -0.001644 0.007878 -0.008248 -0.000567 0.004658 -0.017231 0.010053 0.011317 -0.000000 -0.002460 -0.000603 0.000237 
0.004353 -0.002706 -0.002140 0.007878 -0.006336 -0.000354 0.002262 -0.006722 0.003050 0.002460 -0.000000 -0.000399 -0.000055 
-0.002615 0.005667 -0.002706 -0.001644 0.004917 -0.003076 -0.000138 0.000686 -0.001461 0.000603 0.000399 -0.000000 -0.000038 
-0.000694 -0.002615 0.004353 -0.001689 -0.000798 0.001918 -0.000933 -0.000030 0.000136 -0.000237 0.000055 0.000038 -0.000000 
-0.000005 0.000010 0.000154 0.000189 -0.000541 -0.001914 0.000040 0.005393 0.003519 -0.001789 -0.004280 -0.000518 0.000982 
0.000026 0.000001 -0.000289 -0.000088 0.001744 0.003059 -0.000450 -0.008481 -0.002736 0.003671 0.004026 0.000175 -0.001064 
-0.000058 0.000123 0.001002 0.000881 -0.002805 -0.002735 0.003794 0.011118 0.002890 -0.004869 -0.003131 0.000385 0.001086 
-0.000166 -0.001135 -0.002617 -0.000643 0.011542 0.009472 -0.002616 -0.009952 0.000597 0.008186 0.003038 -0.000530 -0.000836 
0.000264 0.000145 -0.002085 -0.011008 -0.026801 -0.014621 0.017798 0.023687 0.004188 -0.008705 -0.001327 0.001144 0.000670 
0.000420 0.003063 0.005488 0.004673 -0.006057 -0.030466 -0.062251 -0.035553 0.002042 0.015959 0.003411 -0.000729 -0.000323 
-0.000544 -0.002089 0.002729 0.021325 0.035020 0.024068 -0.000000 -0.024068 -0.035020 -0.021325 -0.002729 0.002089 0.000544 
0.000323 0.000729 -0.003411 -0.015959 -0.002042 0.035553 0.062251 0.030466 0.006057 -0.004673 -0.005488 -0.003063 -0.000420 
-0.000670 -0.001144 0.001327 0.008705 -0.004188 -0.023687 -0.017798 0.014621 0.026801 0.011008 0.002085 -0.000145 -0.000264 
0.000836 0.000530 -0.003038 -0.008186 -0.000597 0.009952 0.002616 -0.009472 -0.011542 0.000643 0.002617 0.001135 0.000166 
-0.001086 -0.000385 0.003131 0.004869 -0.002890 -0.011118 -0.003794 0.002735 0.002805 -0.000881 -0.001002 -0.000123 0.000058 
0.001064 -0.000175 -0.004026 -0.003671 0.002736 0.008481 0.000450 -0.003059 -0.001744 0.000088 0.000289 -0.000001 -0.000026 
-0.000982 0.000518 0.004280 0.001789 -0.003519 -0.005393 -0.000040 0.001914 0.000541 -0.000189 -0.000154 -0.000010 0.000005 
0.000036 0.000144 0.000444 0.001066 0.001992 0.002898 0.003284 0.002898 0.001992 0.001066 0.000444 0.000144 0.000036 
-0.000053 -0.000212 -0.000652 -0.001563 -0.002921 -0.004250 -0.004816 -0.004250 -0.002921 -0.001563 -0.000652 -0.000212 -0.000053 
0.000091 0.000361 0.001111 0.002666 0.004981 0.007248 0.008213 0.007248 0.004981 0.002666 0.001111 0.000361 0.000091 
-0.000102 -0.000405 -0.001247 -0.002992 -0.005590 -0.008134 -0.009217 -0.008134 -0.005590 -0.002992 -0.001247 -0.000405 -0.000102 
0.000273 0.001081 0.003330 0.007988 0.014924 0.021715 0.024606 0.021715 0.014924 0.007988 0.003330 0.001081 0.000273 
-0.000552 -0.002184 -0.006727 -0.016136 -0.030146 -0.043863 -0.049703 -0.043863 -0.030146 -0.016136 -0.006727 -0.002184 -0.000552 
0.000000 0.000000 0.000000 0.000000 0.000000 0.000000 0.000000 0.000000 0.000000 0.000000 0.000000 0.000000 0.000000 
0.000552 0.002184 0.006727 0.016136 0.030146 0.043863 0.049703 0.043863 0.030146 0.016136 0.006727 0.002184 0.000552 
-0.000273 -0.001081 -0.003330 -0.007988 -0.014924 -0.021715 -0.024606 -0.021715 -0.014924 -0.007988 -0.003330 -0.001081 -0.000273 
0.000102 0.000405 0.001247 0.002992 0.005590 0.008134 0.009217 0.008134 0.005590 0.002992 0.001247 0.000405 0.000102 
-0.000091 -0.000361 -0.001111 -0.002666 -0.004981 -0.007248 -0.008213 -0.007248 -0.004981 -0.002666 -0.001111 -0.000361 -0.000091 
0.000053 0.000212 0.000652 0.001563 0.002921 0.004250 0.004816 0.004250 0.002921 0.001563 0.000652 0.000212 0.000053 
-0.000036 -0.000144 -0.000444 -0.001066 -0.001992 -0.002898 -0.003284 -0.002898 -0.001992 -0.001066 -0.000444 -0.000144 -0.000036 
0.000982 -0.000518 -0.004280 -0.001789 0.003519 0.005393 0.000040 -0.001914 -0.000541 0.000189 0.000154 0.000010 -0.000005 
-0.001064 0.000175 0.004026 0.003671 -0.002736 -0.008481 -0.000450 0.003059 0.001744 -0.000088 -0.000289 0.000001 0.000026 
0.001086 0.000385 -0.003131 -0.004869 0.002890 0.011118 0.003794 -0.002735 -0.002805 0.000881 0.001002 0.000123 -0.000058 
-0.000836 -0.000530 0.003038 0.008186 0.000597 -0.009952 -0.002616 0.009472 0.011542 -0.000643 -0.002617 -0.001135 -0.000166 
0.000670 0.001144 -0.001327 -0.008705 0.004188 0.023687 0.017798 -0.014621 -0.026801 -0.011008 -0.002085 0.000145 0.000264 
-0.000323 -0.000729 0.003411 0.015959 0.002042 -0.035553 -0.062251 -0.030466 -0.006057 0.004673 0.005488 0.003063 0.000420 
0.000544 0.002089 -0.002729 -0.021325 -0.035020 -0.024068 -0.000000 0.024068 0.035020 0.021325 0.002729 -0.002089 -0.000544 
-0.000420 -0.003063 -0.005488 -0.004673 0.006057 0.030466 0.062251 0.035553 -0.002042 -0.015959 -0.003411 0.000729 0.000323 
-0.000264 -0.000145 0.002085 0.011008 0.026801 0.014621 -0.017798 -0.023687 -0.004188 0.008705 0.001327 -0.001144 -0.000670 
0.000166 0.001135 0.002617 0.000643 -0.011542 -0.009472 0.002616 0.009952 -0.000597 -0.008186 -0.003038 0.000530 0.000836 
0.000058 -0.000123 -0.001002 -0.000881 0.002805 0.002735 -0.003794 -0.011118 -0.002890 0.004869 0.003131 -0.000385 -0.001086 
-0.000026 -0.000001 0.000289 0.000088 -0.001744 -0.003059 0.000450 0.008481 0.002736 -0.003671 -0.004026 -0.000175 0.001064 
0.000005 -0.000010 -0.000154 -0.000189 0.000541 0.001914 -0.000040 -0.005393 -0.003519 0.001789 0.004280 0.000518 -0.000982 
0.000694 0.002615 -0.004353 0.001689 0.000798 -0.001918 0.000933 0.000030 -0.000136 0.000237 -0.000055 -0.000038 -0.000000 
0.002615 -0.005667 0.002706 0.001644 -0.004917 0.003076 0.000138 -0.000686 0.001461 -0.000603 -0.000399 -0.000000 0.000038 
-0.004353 0.002706 0.002140 -0.007878 0.006336 0.000354 -0.002262 0.006722 -0.003050 -0.002460 -0.000000 0.000399 0.000055 
0.001689 0.001644 -0.007878 0.008248 0.000567 -0.004658 0.017231 -0.010053 -0.011317 -0.000000 0.002460 0.000603 -0.000237 
0.000798 -0.004917 0.006336 0.000567 -0.006063 0.027605 -0.020704 -0.029011 -0.000000 0.011317 0.003050 -0.001461 0.000136 
-0.001918 0.003076 0.000354 -0.004658 0.027605 -0.026952 -0.046478 -0.000000 0.029011 0.010053 -0.006722 0.000686 -0.000030 
0.000933 0.000138 -0.002262 0.017231 -0.020704 -0.046478 -0.000000 0.046478 0.020704 -0.017231 0.002262 -0.000138 -0.000933 
0.000030 -0.000686 0.006722 -0.010053 -0.029011 -0.000000 0.046478 0.026952 -0.027605 0.004658 -0.000354 -0.003076 0.001918 
-0.000136 0.001461 -0.003050 -0.011317 -0.000000 0.029011 0.020704 -0.027605 0.006063 -0.000567 -0.006336 0.004917 -0.000798 
0.000237 -0.000603 -0.002460 -0.000000 0.011317 0.010053 -0.017231 0.004658 -0.000567 -0.008248 0.007878 -0.001644 -0.001689 
-0.000055 -0.000399 -0.000000 0.002460 0.003050 -0.006722 0.002262 -0.000354 -0.006336 0.007878 -0.002140 -0.002706 0.004353 
-0.000038 -0.000000 0.000399 0.000603 -0.001461 0.000686 -0.000138 -0.003076 0.004917 -0.001644 -0.002706 0.005667 -0.002615 
-0.000000 0.000038 0.000055 -0.000237 0.000136 -0.000030 -0.000933 0.001918 -0.000798 -0.001689 0.004353 -0.002615 -0.000694 
0.000982 -0.001064 0.001086 -0.000836 0.000670 -0.000323 0.000544 -0.000420 -0.000264 0.000166 0.000058 -0.000026 0.000005 
-0.000518 0.000175 0.000385 -0.000530 0.001144 -0.000729 0.002089 -0.003063 -0.000145 0.001135 -0.000123 -0.000001 -0.000010 
-0.004280 0.004026 -0.003131 0.003038 -0.001327 0.003411 -0.002729 -0.005488 0.002085 0.002617 -0.001002 0.000289 -0.000154 
-0.001789 0.003671 -0.004869 0.008186 -0.008705 0.015959 -0.021325 -0.004673 0.011008 0.000643 -0.000881 0.000088 -0.000189 
0.003519 -0.002736 0.002890 0.000597 0.004188 0.002042 -0.035020 0.006057 0.026801 -0.011542 0.002805 -0.001744 0.000541 
0.005393 -0.008481 0.011118 -0.009952 0.023687 -0.035553 -0.024068 0.030466 0.014621 -0.009472 0.002735 -0.003059 0.001914 
0.000040 -0.000450 0.003794 -0.002616 0.017798 -0.062251 -0.000000 0.062251 -0.017798 0.002616 -0.003794 0.000450 -0.000040 
-0.001914 0.003059 -0.002735 0.009472 -0.014621 -0.030466 0.024068 0.035553 -0.023687 0.009952 -0.011118 0.008481 -0.005393 
-0.000541 0.001744 -0.002805 0.011542 -0.026801 -0.006057 0.035020 -0.002042 -0.004188 -0.000597 -0.002890 0.002736 -0.003519 
0.000189 -0.000088 0.000881 -0.000643 -0.011008 0.004673 0.021325 -0.015959 0.008705 -0.008186 0.004869 -0.003671 0.001789 
0.000154 -0.000289 0.001002 -0.002617 -0.002085 0.005488 0.002729 -0.003411 0.001327 -0.003038 0.003131 -0.004026 0.004280 
0.000010 0.000001 0.000123 -0.001135 0.000145 0.003063 -0.002089 0.000729 -0.001144 0.000530 -0.000385 -0.000175 0.000518 
-0.000005 0.000026 -0.000058 -0.000166 0.000264 0.000420 -0.000544 0.000323 -0.000670 0.000836 -0.001086 0.001064 -0.000982 
0.000010 0.000039 0.000121 0.000288 0.000535 0.000773 0.000874 0.000773 0.000535 0.000288 0.000121 0.000039 0.000010 
0.000039 0.000155 0.000473 0.001115 0.002030 0.002878 0.003225 0.002878 0.002030 0.001115 0.000473 0.000155 0.000039 
0.000121 0.000473 0.001420 0.003225 0.005522 0.007319 0.007948 0.007319 0.005522 0.003225 0.001420 0.000473 0.000121 
0.000288 0.001115 0.003225 0.006696 0.009617 0.009870 0.009195 0.009870 0.009617 0.006696 0.003225 0.001115 0.000288 
0.000535 0.002030 0.005522 0.009617 0.007866 -0.002943 -0.010277 -0.002943 0.007866 0.009617 0.005522 0.002030 0.000535 
0.000773 0.002878 0.007319 0.009870 -0.002943 -0.034741 -0.054063 -0.034741 -0.002943 0.009870 0.007319 0.002878 0.000773 
0.000874 0.003225 0.007948 0.009195 -0.010277 -0.054063 -0.080131 -0.054063 -0.010277 0.009195 0.007948 0.003225 0.000874 
0.000773 0.002878 0.007319 0.009870 -0.002943 -0.034741 -0.054063 -0.034741 -0.002943 0.009870 0.007319 0.002878 0.000773 
0.000535 0.002030 0.005522 0.009617 0.007866 -0.002943 -0.010277 -0.002943 0.007866 0.009617 0.005522 0.002030 0.000535 
0.000288 0.001115 0.003225 0.006696 0.009617 0.009870 0.009195 0.009870 0.009617 0.006696 0.003225 0.001115 0.000288 
0.000121 0.000473 0.001420 0.003225 0.005522 0.007319 0.007948 0.007319 0.005522 0.003225 0.001420 0.000473 0.000121 
0.000039 0.000155 0.000473 0.001115 0.002030 0.002878 0.003225 0.002878 0.002030 0.001115 0.000473 0.000155 0.000039 
0.000010 0.000039 0.000121 0.000288 0.000535 0.000773 0.000874 0.000773 0.000535 0.000288 0.000121 0.000039 0.000010 
0.000000 0.000000 0.000000 0.000000 0.000000 0.000001 0.000026 0.000165 0.000032 -0.000447 0.000032 0.000165 0.000026 0.000001 0.000000 0.000000 0.000000 0.000000 0.000000 
0.000000 0.000000 0.000000 0.000000 0.000000 0.000003 0.000075 0.000477 0.000092 -0.001293 0.000092 0.000477 0.000075 0.000003 0.000000 0.000000 0.000000 0.000000 0.000000 
0.000000 0.000000 0.000000 0.000000 0.000000 0.000007 0.000191 0.001218 0.000235 -0.003301 0.000235 0.001218 0.000191 0.000007 0.000000 0.000000 0.000000 0.000000 0.000000 
0.000000 0.000000 0.000000 0.000000 0.000000 0.000016 0.000430 0.002744 0.000530 -0.007439 0.000530 0.002744 0.000430 0.000016 0.000000 0.000000 0.000000 0.000000 0.000000 
0.000000 0.000000 0.000000 0.000000 0.000000 0.000031 0.000854 0.005457 0.001054 -0.014793 0.001054 0.005457 0.000854 0.000031 0.000000 0.000000 0.000000 0.000000 0.000000 
0.000000 0.000000 0.000000 0.000000 0.000001 0.000054 0.001500 0.009578 0.001849 -0.025963 0.001849 0.009578 0.001500 0.000054 0.000001 0.000000 0.000000 0.000000 0.000000 
0.000000 0.000000 0.000000 0.000000 0.000001 0.000084 0.002323 0.014834 0.002864 -0.040213 0.002864 0.014834 0.002323 0.000084 0.000001 0.000000 0.000000 0.000000 0.000000 
0.000000 0.000000 0.000000 0.000000 0.000001 0.000115 0.003175 0.020276 0.003915 -0.054964 0.003915 0.020276 0.003175 0.000115 0.000001 0.000000 0.000000 0.000000 0.000000 
0.000000 0.000000 0.000000 0.000000 0.000001 0.000139 0.003829 0.024458 0.004722 -0.066300 0.004722 0.024458 0.003829 0.000139 0.000001 0.000000 0.000000 0.000000 0.000000 
0.000000 0.000000 0.000000 0.000000 0.000002 0.000148 0.004076 0.026035 0.005027 -0.070576 0.005027 0.026035 0.004076 0.000148 0.000002 0.000000 0.000000 0.000000 0.000000 
0.000000 0.000000 0.000000 0.000000 0.000001 0.000139 0.003829 0.024458 0.004722 -0.066300 0.004722 0.024458 0.003829 0.000139 0.000001 0.000000 0.000000 0.000000 0.000000 
0.000000 0.000000 0.000000 0.000000 0.000001 0.000115 0.003175 0.020276 0.003915 -0.054964 0.003915 0.020276 0.003175 0.000115 0.000001 0.000000 0.000000 0.000000 0.000000 
0.000000 0.000000 0.000000 0.000000 0.000001 0.000084 0.002323 0.014834 0.002864 -0.040213 0.002864 0.014834 0.002323 0.000084 0.000001 0.000000 0.000000 0.000000 0.000000 
0.000000 0.000000 0.000000 0.000000 0.000001 0.000054 0.001500 0.009578 0.001849 -0.025963 0.001849 0.009578 0.001500 0.000054 0.000001 0.000000 0.000000 0.000000 0.000000 
0.000000 0.000000 0.000000 0.000000 0.000000 0.000031 0.000854 0.005457 0.001054 -0.014793 0.001054 0.005457 0.000854 0.000031 0.000000 0.000000 0.000000 0.000000 0.000000 
0.000000 0.000000 0.000000 0.000000 0.000000 0.000016 0.000430 0.002744 0.000530 -0.007439 0.000530 0.002744 0.000430 0.000016 0.000000 0.000000 0.000000 0.000000 0.000000 
0.000000 0.000000 0.000000 0.000000 0.000000 0.000007 0.000191 0.001218 0.000235 -0.003301 0.000235 0.001218 0.000191 0.000007 0.000000 0.000000 0.000000 0.000000 0.000000 
0.000000 0.000000 0.000000 0.000000 0.000000 0.000003 0.000075 0.000477 0.000092 -0.001293 0.000092 0.000477 0.000075 0.000003 0.000000 0.000000 0.000000 0.000000 0.000000 
0.000000 0.000000 0.000000 0.000000 0.000000 0.000001 0.000026 0.000165 0.000032 -0.000447 0.000032 0.000165 0.000026 0.000001 0.000000 0.000000 0.000000 0.000000 0.000000 
0.000014 0.000014 0.000016 0.000041 0.000029 -0.000130 -0.000077 0.000126 0.000169 0.000050 0.000016 0.000014 0.000014 0.000014 0.000014 0.000014 0.000014 0.000014 0.000014 
0.000014 0.000014 0.000018 0.000068 0.000103 -0.000162 -0.000601 0.000180 0.000621 0.000159 0.000024 0.000015 0.000014 0.000014 0.000014 0.000014 0.000014 0.000014 0.000014 
0.000014 0.000014 0.000020 0.000083 0.000377 0.000119 -0.001969 -0.000318 0.001251 0.000939 0.000197 0.000024 0.000014 0.000014 0.000014 0.000014 0.000014 0.000014 0.000014 
0.000014 0.000014 0.000016 0.000089 0.000696 0.000653 -0.002381 -0.003400 0.001563 0.003200 0.000674 0.000047 0.000014 0.000014 0.000014 0.000014 0.000014 0.000014 0.000014 
0.000014 0.000014 0.000016 0.000102 0.000846 0.002223 -0.000773 -0.011844 0.000959 0.006981 0.002708 0.000474 0.000038 0.000014 0.000014 0.000014 0.000014 0.000014 0.000014 
0.000014 0.000014 0.000015 0.000030 0.000595 0.004460 0.002534 -0.014642 -0.009347 0.007418 0.008684 0.001627 0.000087 0.000015 0.000014 0.000014 0.000014 0.000014 0.000014 
0.000014 0.000014 0.000014 0.000033 0.000629 0.004795 0.007437 -0.008681 -0.030782 0.005371 0.018200 0.003469 0.000428 0.000037 0.000014 0.000014 0.000014 0.000014 0.000014 
0.000014 0.000014 0.000014 0.000026 0.000334 0.002965 0.015770 0.004701 -0.045627 -0.010873 0.017997 0.012427 0.002022 0.000098 0.000015 0.000014 0.000014 0.000014 0.000014 
0.000014 0.000014 0.000014 0.000014 0.000087 0.002089 0.014259 0.013087 -0.028135 -0.041899 0.011838 0.022161 0.003663 0.000154 0.000015 0.000014 0.000014 0.000014 0.000014 
0.000014 0.000014 0.000014 0.000014 0.000062 0.001238 0.008888 0.023232 -0.000745 -0.075230 -0.000745 0.023232 0.008888 0.001238 0.000062 0.000014 0.000014 0.000014 0.000014 
0.000014 0.000014 0.000014 0.000014 0.000015 0.000154 0.003663 0.022161 0.011838 -0.041899 -0.028135 0.013087 0.014259 0.002089 0.000087 0.000014 0.000014 0.000014 0.000014 
0.000014 0.000014 0.000014 0.000014 0.000015 0.000098 0.002022 0.012427 0.017997 -0.010873 -0.045627 0.004701 0.015770 0.002965 0.000334 0.000026 0.000014 0.000014 0.000014 
0.000014 0.000014 0.000014 0.000014 0.000014 0.000037 0.000428 0.003469 0.018200 0.005371 -0.030782 -0.008681 0.007437 0.004795 0.000629 0.000033 0.000014 0.000014 0.000014 
0.000014 0.000014 0.000014 0.000014 0.000014 0.000015 0.000087 0.001627 0.008684 0.007418 -0.009347 -0.014642 0.002534 0.004460 0.000595 0.000030 0.000015 0.000014 0.000014 
0.000014 0.000014 0.000014 0.000014 0.000014 0.000014 0.000038 0.000474 0.002708 0.006981 0.000959 -0.011844 -0.000773 0.002223 0.000846 0.000102 0.000016 0.000014 0.000014 
0.000014 0.000014 0.000014 0.000014 0.000014 0.000014 0.000014 0.000047 0.000674 0.003200 0.001563 -0.003400 -0.002381 0.000653 0.000696 0.000089 0.000016 0.000014 0.000014 
0.000014 0.000014 0.000014 0.000014 0.000014 0.000014 0.000014 0.000024 0.000197 0.000939 0.001251 -0.000318 -0.001969 0.000119 0.000377 0.000083 0.000020 0.000014 0.000014 
0.000014 0.000014 0.000014 0.000014 0.000014 0.000014 0.000014 0.000015 0.000024 0.000159 0.000621 0.000180 -0.000601 -0.000162 0.000103 0.000068 0.000018 0.000014 0.000014 
0.000014 0.000014 0.000014 0.000014 0.000014 0.000014 0.000014 0.000014 0.000016 0.000050 0.000169 0.000126 -0.000077 -0.000130 0.000029 0.000041 0.000016 0.000014 0.000014 
0.000141 0.000142 0.000149 0.000168 0.000162 0.000155 0.000145 0.000144 0.000144 0.000144 0.000144 0.000144 0.000144 0.000144 0.000144 0.000144 0.000144 0.000144 0.000144 
0.000142 0.000117 0.000126 0.000175 0.000267 0.000238 0.000191 0.000149 0.000145 0.000144 0.000144 0.000144 0.000144 0.000144 0.000144 0.000144 0.000144 0.000144 0.000144 
0.000149 0.000126 -0.000017 0.000054 0.000309 0.000698 0.000482 0.000304 0.000159 0.000146 0.000144 0.000144 0.000144 0.000144 0.000144 0.000144 0.000144 0.000144 0.000144 
0.000168 0.000175 0.000054 -0.000705 -0.000262 0.000736 0.002036 0.001210 0.000557 0.000180 0.000148 0.000144 0.000144 0.000144 0.000144 0.000144 0.000144 0.000144 0.000144 
0.000162 0.000267 0.000309 -0.000262 -0.002896 -0.001241 0.002010 0.005039 0.002632 0.001021 0.000210 0.000151 0.000145 0.000144 0.000144 0.000144 0.000144 0.000144 0.000144 
0.000155 0.000238 0.000698 0.000736 -0.001241 -0.009447 -0.003441 0.004499 0.010532 0.004718 0.001575 0.000239 0.000152 0.000145 0.000144 0.000144 0.000144 0.000144 0.000144 
0.000145 0.000191 0.000482 0.002036 0.002010 -0.003441 -0.022243 -0.007464 0.008149 0.017097 0.006736 0.001962 0.000252 0.000152 0.000145 0.000144 0.000144 0.000144 0.000144 
0.000144 0.000149 0.000304 0.001210 0.005039 0.004499 -0.007464 -0.041007 -0.012272 0.011681 0.021681 0.007696 0.001962 0.000239 0.000151 0.000144 0.000144 0.000144 0.000144 
0.000144 0.000145 0.000159 0.000557 0.002632 0.010532 0.008149 -0.012272 -0.059165 -0.015629 0.013361 0.021681 0.006736 0.001575 0.000210 0.000148 0.000144 0.000144 0.000144 
0.000144 0.000144 0.000146 0.000180 0.001021 0.004718 0.017097 0.011681 -0.015629 -0.067802 -0.015629 0.011681 0.017097 0.004718 0.001021 0.000180 0.000146 0.000144 0.000144 
0.000144 0.000144 0.000144 0.000148 0.000210 0.001575 0.006736 0.021681 0.013361 -0.015629 -0.059165 -0.012272 0.008149 0.010532 0.002632 0.000557 0.000159 0.000145 0.000144 
0.000144 0.000144 0.000144 0.000144 0.000151 0.000239 0.001962 0.007696 0.021681 0.011681 -0.012272 -0.041007 -0.007464 0.004499 0.005039 0.001210 0.000304 0.000149 0.000144 
0.000144 0.000144 0.000144 0.000144 0.000145 0.000152 0.000252 0.001962 0.006736 0.017097 0.008149 -0.007464 -0.022243 -0.003441 0.002010 0.002036 0.000482 0.000191 0.000145 
0.000144 0.000144 0.000144 0.000144 0.000144 0.000145 0.000152 0.000239 0.001575 0.004718 0.010532 0.004499 -0.003441 -0.009447 -0.001241 0.000736 0.000698 0.000238 0.000155 
0.000144 0.000144 0.000144 0.000144 0.000144 0.000144 0.000145 0.000151 0.000210 0.001021 0.002632 0.005039 0.002010 -0.001241 -0.002896 -0.000262 0.000309 0.000267 0.000162 
0.000144 0.000144 0.000144 0.000144 0.000144 0.000144 0.000144 0.000144 0.000148 0.000180 0.000557 0.001210 0.002036 0.000736 -0.000262 -0.000705 0.000054 0.000175 0.000168 
0.000144 0.000144 0.000144 0.000144 0.000144 0.000144 0.000144 0.000144 0.000144 0.000146 0.000159 0.000304 0.000482 0.000698 0.000309 0.000054 -0.000017 0.000126 0.000149 
0.000144 0.000144 0.000144 0.000144 0.000144 0.000144 0.000144 0.000144 0.000144 0.000144 0.000145 0.000149 0.000191 0.000238 0.000267 0.000175 0.000126 0.000117 0.000142 
0.000144 0.000144 0.000144 0.000144 0.000144 0.000144 0.000144 0.000144 0.000144 0.000144 0.000144 0.000144 0.000145 0.000155 0.000162 0.000168 0.000149 0.000142 0.000141 
0.000014 0.000014 0.000014 0.000014 0.000014 0.000014 0.000014 0.000014 0.000014 0.000014 0.000014 0.000014 0.000014 0.000014 0.000014 0.000014 0.000014 0.000014 0.000014 
0.000014 0.000014 0.000014 0.000014 0.000014 0.000014 0.000014 0.000014 0.000014 0.000014 0.000014 0.000014 0.000014 0.000014 0.000014 0.000014 0.000014 0.000014 0.000014 
0.000016 0.000018 0.000020 0.000016 0.000016 0.000015 0.000014 0.000014 0.000014 0.000014 0.000014 0.000014 0.000014 0.000014 0.000014 0.000014 0.000014 0.000014 0.000014 
0.000041 0.000068 0.000083 0.000089 0.000102 0.000030 0.000033 0.000026 0.000014 0.000014 0.000014 0.000014 0.000014 0.000014 0.000014 0.000014 0.000014 0.000014 0.000014 
0.000029 0.000103 0.000377 0.000696 0.000846 0.000595 0.000629 0.000334 0.000087 0.000062 0.000015 0.000015 0.000014 0.000014 0.000014 0.000014 0.000014 0.000014 0.000014 
-0.000130 -0.000162 0.000119 0.000653 0.002223 0.004460 0.004795 0.002965 0.002089 0.001238 0.000154 0.000098 0.000037 0.000015 0.000014 0.000014 0.000014 0.000014 0.000014 
-0.000077 -0.000601 -0.001969 -0.002381 -0.000773 0.002534 0.007437 0.015770 0.014259 0.008888 0.003663 0.002022 0.000428 0.000087 0.000038 0.000014 0.000014 0.000014 0.000014 
0.000126 0.000180 -0.000318 -0.003400 -0.011844 -0.014642 -0.008681 0.004701 0.013087 0.023232 0.022161 0.012427 0.003469 0.001627 0.000474 0.000047 0.000024 0.000015 0.000014 
0.000169 0.000621 0.001251 0.001563 0.000959 -0.009347 -0.030782 -0.045627 -0.028135 -0.000745 0.011838 0.017997 0.018200 0.008684 0.002708 0.000674 0.000197 0.000024 0.000016 
0.000050 0.000159 0.000939 0.003200 0.006981 0.007418 0.005371 -0.010873 -0.041899 -0.075230 -0.041899 -0.010873 0.005371 0.007418 0.006981 0.003200 0.000939 0.000159 0.000050 
0.000016 0.000024 0.000197 0.000674 0.002708 0.008684 0.018200 0.017997 0.011838 -0.000745 -0.028135 -0.045627 -0.030782 -0.009347 0.000959 0.001563 0.001251 0.000621 0.000169 
0.000014 0.000015 0.000024 0.000047 0.000474 0.001627 0.003469 0.012427 0.022161 0.023232 0.013087 0.004701 -0.008681 -0.014642 -0.011844 -0.003400 -0.000318 0.000180 0.000126 
0.000014 0.000014 0.000014 0.000014 0.000038 0.000087 0.000428 0.002022 0.003663 0.008888 0.014259 0.015770 0.007437 0.002534 -0.000773 -0.002381 -0.001969 -0.000601 -0.000077 
0.000014 0.000014 0.000014 0.000014 0.000014 0.000015 0.000037 0.000098 0.000154 0.001238 0.002089 0.002965 0.004795 0.004460 0.002223 0.000653 0.000119 -0.000162 -0.000130 
0.000014 0.000014 0.000014 0.000014 0.000014 0.000014 0.000014 0.000015 0.000015 0.000062 0.000087 0.000334 0.000629 0.000595 0.000846 0.000696 0.000377 0.000103 0.000029 
0.000014 0.000014 0.000014 0.000014 0.000014 0.000014 0.000014 0.000014 0.000014 0.000014 0.000014 0.000026 0.000033 0.000030 0.000102 0.000089 0.000083 0.000068 0.000041 
0.000014 0.000014 0.000014 0.000014 0.000014 0.000014 0.000014 0.000014 0.000014 0.000014 0.000014 0.000014 0.000014 0.000015 0.000016 0.000016 0.000020 0.000018 0.000016 
0.000014 0.000014 0.000014 0.000014 0.000014 0.000014 0.000014 0.000014 0.000014 0.000014 0.000014 0.000014 0.000014 0.000014 0.000014 0.000014 0.000014 0.000014 0.000014 
